1629549900857|1181
1629550200349|917
1629550500844|1664
1629550800312|756
1629551100766|896
1629551400210|719
1629551700642|776
1629552000070|746
1629552300517|1281
1629552600554|1084
1629553200538|1506
1629553500040|866
1629553800535|503
1629554100983|956
1629602400585|348
1629603000652|664
1629603300137|478
1629603600540|413
1629603900953|550
1629604800289|1680
1629605100366|596
1629605400806|1463
1629605700389|1797
1629606000594|1376
1629606900238|626
1629687000393|1005
1629687300074|1026
1629687600320|1094
1629687900629|1059
1629688200945|1311
1629688500580|1646
1629688800983|1362
1629689100147|1228
1629689400542|379
1629689700969|401
1629690000383|1661
1629690300809|1730
1629690600068|1751
1629690900228|943
1629691200390|438
1629691500607|549
1629691800922|739
1629692100227|1454
1629692400221|655
1629692700576|1727
1629693000013|939
1629693300688|1155
1629693600097|1538
1629693900100|736
1629694200042|941
1629694500349|1117
1629695100772|1213
1629695400044|819
1629695700347|431
1629696000591|490
1629696300804|564
1629696600085|903
1629696900237|700
1629697200462|1714
1629697500750|592
1629697800836|520
1629698100052|1132
1629698400444|1227
1629698700835|1153
1629699000078|760
1629699300365|1052
1629699600586|1788
1629699900940|664
1629700200116|409
1629700500340|908
1629700800560|705
1629701100809|1610
1629701400046|1292
1629701700235|1780
1629702000498|1046
1629702300054|1557
1629702600349|761
1629702900591|1093
1629703200882|599
1629703500040|1016
1629703800196|1636
1629704100429|535
1629704400644|977
1629704700840|531
1629705300478|665
1629705600895|1138
1629705900349|880
1629706200766|1057
1629706500188|898
1629706800552|1394
1629707100963|1640
1629707400377|1524
1629707700786|1001
1629708000207|1766
1629708300609|1742
1629708600015|441
1629708900414|1236
1629709200829|1478
1629709500233|1531
1629709800651|762
1629710100056|840
1629710400471|1397
1629710700886|1754
1629711000297|668
1629711300709|607
1629711600124|664
1629711900531|1035
1629712200948|1793
1629712500368|931
1629712800794|1280
1629713100203|1145
1629713400609|1476
1629713700027|1296
1629714000459|1718
1629714300383|1374
1629714600886|1002
1629714900113|581
1629715200534|1423
1629715500839|843
1629715800589|749
1629716100852|362
1629716400084|880
1629716700287|1011
1629717000568|1715
1629717300750|1352
1629717780978|527
1629717840079|677
1629717900155|574
1629717960225|1303
1629718140362|1568
1629718200367|1716
1629718260481|562
1629718320750|940
1629718380848|809
1629718500583|707
1629718560639|1683
1629718680026|1471
1629718740139|1576
1629718800209|1758
1629718860648|1661
1629718920808|1122
1629719460190|1351
1629719520355|911
1629719580448|1419
1629719640537|734
1629719700667|722
1629719760452|1103
1629719820518|1337
1629719880585|1086
1629719940658|1131
1629720000727|621
1629720060783|845
1629720120834|1411
1629720420599|776
1629720480347|840
1629720540530|1613
1629720600682|799
1629720660787|1486
1629720720202|896
1629720780153|603
1629769380061|779
1629769440283|1753
1629769500754|1429
1629769620073|1646
1629769680413|926
1629769740362|422
1629769800956|1217
1629769860380|1617
1629769920082|568
1629769980534|1500
1629770040061|1693
1629770100441|778
1629770940017|509
1629771000089|827
1629771060239|1669
1629771120358|589
1629771180476|599
1629771240598|1695
1629771300719|418
1629867180110|1090
1629867240272|851
1629867300374|1210
1629867360499|348
1629867600183|1698
1629867660339|1168
1629867720416|1409
1629867780478|366
1629867840547|1041
1629867900634|834
1629867960734|444
1629868020824|1794
1629868080927|607
1629868140013|1228
1629868200075|1317
1629868380918|646
1629868440026|433
1629868500112|1518
1629868560192|786
1629868620295|821
1629868680407|1205
1629868740553|1218
1629868800671|815
1629868860798|381
1629868920914|474
1629868980024|1476
1629869040123|1671
1629869100247|1294
1629869160357|1114
1629869220473|489
1629869280589|1394
1629869340698|688
1629869400818|1733
1629869460925|1462
1629869520023|1394
1629869580145|1341
1629869640252|1190
1629869700366|909
1629869760479|930
1629869820569|1419
1629869880671|1400
1629869940719|1796
1629870000770|1174
1629870060828|1430
1629870120888|1313
1629870180959|910
1629870240021|536
1629870300066|1112
1629870360106|1490
1629870420156|1341
1629870480217|794
