1629549900857|1055
1629550200349|427
1629550500844|1720
1629550800312|1358
1629551100766|1060
1629551400210|1279
1629551700642|599
1629552000070|1601
1629552300517|1564
1629552600554|730
1629553200538|1303
1629553500040|1490
1629553800535|650
1629554100983|444
1629602400585|1122
1629603000652|1263
1629603300137|671
1629603600540|1331
1629603900953|440
1629604800289|847
1629605100366|809
1629605400806|1196
1629605700389|1585
1629606000594|856
1629606900238|861
1629687000393|1643
1629687300074|693
1629687600320|957
1629687900629|430
1629688200945|868
1629688500580|1073
1629688800983|748
1629689100147|431
1629689400542|1450
1629689700969|1114
1629690000383|1569
1629690300809|730
1629690600068|1639
1629690900228|858
1629691200390|685
1629691500607|804
1629691800922|438
1629692100227|707
1629692400221|1104
1629692700576|1083
1629693000013|1112
1629693300688|1587
1629693600097|1213
1629693900100|1278
1629694200042|1292
1629694500349|730
1629695100772|1082
1629695400044|673
1629695700347|921
1629696000591|1559
1629696300804|538
1629696600085|1679
1629696900237|622
1629697200462|1086
1629697500750|494
1629697800836|487
1629698100052|1599
1629698400444|1699
1629698700835|889
1629699000078|372
1629699300365|1215
1629699600586|401
1629699900940|1447
1629700200116|815
1629700500340|1576
1629700800560|1391
1629701100809|946
1629701400046|473
1629701700235|1049
1629702000498|1483
1629702300054|1387
1629702600349|455
1629702900591|306
1629703200882|1409
1629703500040|985
1629703800196|686
1629704100429|1539
1629704400644|1177
1629704700840|1395
1629705300478|1529
1629705600895|1381
1629705900349|1002
1629706200766|1535
1629706500188|1177
1629706800552|343
1629707100963|1507
1629707400377|870
1629707700786|541
1629708000207|412
1629708300609|724
1629708600015|521
1629708900414|1631
1629709200829|721
1629709500233|1045
1629709800651|1697
1629710100056|311
1629710400471|776
1629710700886|1203
1629711000297|1789
1629711300709|463
1629711600124|568
1629711900531|648
1629712200948|1104
1629712500368|893
1629712800794|583
1629713100203|352
1629713400609|575
1629713700027|1684
1629714000459|435
1629714300383|1125
1629714600886|1758
1629714900113|1172
1629715200534|1251
1629715500839|1191
1629715800589|1062
1629716100852|798
1629716400084|1644
1629716700287|519
1629717000568|980
1629717300750|1389
1629717780978|832
1629717840079|1774
1629717900155|1591
1629717960225|1284
1629718140362|1285
1629718200367|1234
1629718260481|1432
1629718320750|1432
1629718380848|1432
1629718500583|1432
1629718560639|1432
1629718680026|1432
1629718740139|1432
1629718800209|1432
1629718860648|1432
1629718920808|1432
1629719460190|1432
1629719520355|1432
1629719580448|1432
1629719640537|1432
1629719700667|1432
1629719760452|1441
1629719820518|1579
1629719880585|862
1629719940658|475
1629720000727|1771
1629720060783|409
1629720120834|1718
1629720420599|314
1629720480347|1445
1629720540530|454
1629720600682|368
1629720660787|513
1629720720202|799
1629720780153|544
1629769380061|1454
1629769440283|1553
1629769500754|567
1629769620073|1599
1629769680413|1707
1629769740362|736
1629769800956|398
1629769860380|1067
1629769920082|1581
1629769980534|1495
1629770040061|1545
1629770100441|660
1629770940017|350
1629771000089|1132
1629771060239|545
1629771120358|1691
1629771180476|1366
1629771240598|1456
1629771300719|581
1629867180110|1618
1629867240272|848
1629867300374|1766
1629867360499|334
1629867600183|390.4197199344635
1629867660339|390.79618191719055
1629867720416|389.789555311203
1629867780478|390.04734992980957
1629867840547|389.48811292648315
1629867900634|389.63815212249756
1629867960734|389.6290588378906
1629868020824|391.1624139547348
1629868080927|389.4662890434265
1629868140013|391.7455208301544
1629868200075|398.1085467338562
1629868380918|392.69349575042725
1629868440026|398.1903862953186
1629868500112|392.0524191856384
1629868560192|398.0500899042402
1629868620295|393.7392234802246
1629868680407|389.43355321884155
1629868740553|390.71510374546
1629868800671|392.63041108846664
1629868860798|397.999427318573
1629868920914|394.0120220184326
1629868980024|391.7373368740082
1629869040123|393.2513687610626
1629869100247|391.06449876512795
1629869160357|391.356782913208
1629869220473|391.1163792014122
1629869280589|391.16036796569824
1629869340698|391.60639357566833
1629869400818|390.7879979610443
1629869460925|393.2881965637207
1629869520023|393.37822008132935
1629869580145|392.3920533657074
1629869640252|393.2345461845398
1629869700366|393.6360146999359
1629869760479|393.86925745010376
1629869820569|390.99305152893066
1629869880671|393.7710499763489
1629869940719|393.1617999076843
1629870000770|392.16290259361267
1629870060828|393.55826711654663
1629870120888|392.0319592952728
1629870180959|392.7807912826538
1629870240021|393.7812799215317
1629870300066|393.86925745010376
1629870360106|393.72603821754456
1629870420156|393.6573839187622
1629870480217|393.74240612983704
